Epoch Acc           Val_Acc       Combined_Loss Val_Loss      Hard_Loss     Soft_Loss     
1     0.682200      0.255667      3.317794      2.778697      1.273269      5.362319      
2     0.888200      0.561000      1.882145      2.095368      0.516928      3.247363      
3     0.935333      0.710667      1.442817      0.732534      0.354995      2.530639      
4     0.953800      0.815000      0.765583      0.259832      0.087099      1.444067      
5     0.966067      0.821000      0.631324      0.166304      0.063492      1.199156      
6     0.975133      0.875667      0.484794      0.074836      0.033215      0.936373      
7     0.980333      0.832667      0.380531      0.178287      0.015143      0.745920      
8     0.983133      0.862333      0.289706      0.053870      0.017961      0.561450      
9     0.986333      0.846667      0.217816      0.129793      0.004244      0.431388      
10    0.989867      0.819333      0.180521      0.230148      0.004589      0.356453      
11    0.990400      0.874333      0.215489      0.135638      0.005006      0.425973      
12    0.994000      0.869333      0.151899      0.175869      0.002885      0.300912      
13    0.995133      0.884000      0.139731      0.308138      0.002865      0.276597      
14    0.996867      0.900667      0.114897      0.252831      0.002149      0.227646      
15    0.997733      0.925000      0.108256      0.256847      0.001486      0.215026      
16    0.998133      0.930000      0.093164      0.234072      0.001211      0.185117      
17    0.998400      0.933000      0.089493      0.220535      0.000943      0.178043      
18    0.998533      0.938000      0.063041      0.221093      0.000268      0.125814      
19    0.998467      0.930333      0.074728      0.194367      0.000448      0.149007      
20    0.999067      0.941000      0.084056      0.152340      0.000482      0.167631      
