Epoch Acc           Val_Acc       Combined_Loss Val_Loss      Hard_Loss     Soft_Loss     
1     0.650067      0.485333      18.079912     2.588501      1.205887      34.953938     
2     0.864467      0.726333      14.005667     2.130475      0.603959      27.407375     
3     0.913400      0.833000      10.344398     1.482252      0.362148      20.326649     
4     0.940667      0.918000      8.284262      0.614081      0.161091      16.407433     
5     0.957467      0.926000      6.500670      0.248556      0.028261      12.973079     
6     0.967067      0.944000      4.869097      0.142700      0.006137      9.732056      
7     0.973267      0.949333      4.208566      0.037315      0.002900      8.414232      
8     0.979067      0.954667      3.771641      0.010292      0.000807      7.542475      
9     0.982933      0.951333      3.189870      0.029919      0.002035      6.377705      
10    0.984400      0.973333      2.204486      0.017688      0.001130      4.407841      
11    0.988667      0.956667      1.823188      0.032550      0.000065      3.646310      
12    0.991133      0.987000      1.489660      0.031141      0.000005      2.979315      
13    0.992267      0.986333      1.380490      0.012968      0.000002      2.760978      
14    0.993333      0.987667      1.452335      0.043223      0.000007      2.904663      
15    0.994267      0.988000      1.584663      0.026056      0.000007      3.169319      
16    0.995267      0.988333      1.405863      0.031414      0.000008      2.811718      
17    0.995333      0.988333      1.131940      0.025374      0.000003      2.263877      
18    0.996067      0.986667      1.245807      0.025080      0.000003      2.491611      
19    0.995867      0.988333      1.224457      0.039224      0.000004      2.448910      
20    0.996133      0.988000      1.156156      0.035186      0.000002      2.312309      
