Epoch Acc           Val_Acc       Combined_Loss Val_Loss      Hard_Loss     Soft_Loss     
1     0.665533      0.236667      8.250799      3.469057      1.356379      35.828480     
2     0.875467      0.613333      5.974093      2.412877      0.722301      26.981262     
3     0.927000      0.878667      4.320791      0.192979      0.226315      20.698694     
4     0.950867      0.918000      3.154832      0.036063      0.040463      15.612310     
5     0.963800      0.948333      2.551037      0.015342      0.016410      12.689541     
6     0.973467      0.957667      1.982810      0.007903      0.006895      9.886468      
7     0.980267      0.951000      1.593255      0.063019      0.001577      7.959966      
8     0.982867      0.968000      1.468736      0.093088      0.000641      7.341115      
9     0.986200      0.973333      1.239280      0.069509      0.000237      6.195450      
10    0.990200      0.976333      0.937759      0.013449      0.000290      4.687634      
11    0.991533      0.974333      1.025967      0.017903      0.000453      5.128023      
12    0.993200      0.970333      0.867551      0.050009      0.000059      4.337519      
13    0.994667      0.963333      0.749188      0.092015      0.000030      3.745820      
14    0.994867      0.962667      0.769497      0.077428      0.000032      3.847358      
15    0.995600      0.973000      0.686903      0.090014      0.000049      3.434321      
16    0.995867      0.974333      0.800838      0.077236      0.000037      4.004042      
17    0.996800      0.978000      0.701281      0.075787      0.000005      3.506382      
18    0.996600      0.979667      0.627102      0.078390      0.000023      3.135417      
19    0.996533      0.981333      0.681119      0.091765      0.000091      3.405229      
20    0.996333      0.982667      0.651287      0.076937      0.000166      3.255770      
