Epoch Acc           Val_Acc       Combined_Loss Val_Loss      Hard_Loss     Soft_Loss     
1     0.666667      0.294667      6.551852      4.685019      1.103764      11.999940     
2     0.883067      0.592000      4.534808      3.939742      0.523603      8.546014      
3     0.934133      0.751333      3.244303      0.691433      0.281143      6.207461      
4     0.955400      0.808000      2.136938      0.182651      0.167658      4.106218      
5     0.965800      0.820000      1.493689      0.155430      0.054001      2.933377      
6     0.974200      0.828333      1.195843      0.113138      0.008569      2.383117      
7     0.981733      0.840000      0.903224      0.051121      0.003914      1.802535      
8     0.985933      0.828667      0.745772      0.048836      0.013797      1.477747      
9     0.989267      0.857667      0.590268      0.135924      0.001452      1.179083      
10    0.990600      0.841667      0.471383      0.008942      0.000303      0.942462      
11    0.992867      0.858667      0.439778      0.121985      0.000182      0.879373      
12    0.993667      0.893000      0.345169      0.014863      0.000654      0.689683      
13    0.995533      0.820667      0.323838      0.075341      0.000200      0.647476      
14    0.997267      0.910333      0.251663      0.154836      0.000015      0.503311      
15    0.998067      0.942000      0.257605      0.083410      0.000025      0.515184      
16    0.998000      0.948667      0.196275      0.106842      0.000007      0.392544      
17    0.998267      0.944000      0.247380      0.098244      0.000031      0.494728      
18    0.998733      0.950667      0.199508      0.145318      0.000009      0.399007      
19    0.998667      0.954333      0.184566      0.173210      0.000005      0.369128      
20    0.999000      0.952333      0.227804      0.063702      0.000061      0.455546      
