Epoch Acc           Val_Acc       Combined_Loss Val_Loss      Hard_Loss     Soft_Loss     
1     0.712867      0.240000      0.923716      3.046379      0.923716      41.429855     
2     0.898667      0.587333      0.503212      2.247118      0.503212      36.997421     
3     0.936800      0.769333      0.202081      0.693400      0.202081      33.673779     
4     0.955800      0.875667      0.229611      0.261009      0.229611      31.976662     
5     0.965600      0.918333      0.085609      0.223737      0.085609      30.452051     
6     0.975600      0.890333      0.078800      0.209703      0.078800      29.267862     
7     0.981533      0.911000      0.034448      0.155825      0.034448      27.798771     
8     0.984067      0.932667      0.032743      0.146018      0.032743      27.735128     
9     0.988267      0.926000      0.041613      0.028986      0.041613      27.302547     
10    0.988400      0.922000      0.054371      0.039727      0.054371      26.348295     
11    0.989067      0.925333      0.022856      0.039488      0.022856      25.800272     
12    0.991467      0.850000      0.015687      0.037413      0.015687      23.918966     
13    0.996200      0.968667      0.010379      0.101122      0.010379      23.901623     
14    0.997600      0.971333      0.012180      0.089506      0.012180      22.432907     
15    0.998267      0.975333      0.016975      0.072328      0.016975      24.144804     
16    0.998533      0.985333      0.010588      0.058835      0.010588      22.606508     
17    0.998533      0.983000      0.007765      0.044565      0.007765      22.528763     
18    0.998667      0.983000      0.009046      0.038374      0.009046      22.687412     
19    0.999467      0.986000      0.005444      0.027450      0.005444      21.429689     
20    0.999333      0.983333      0.009672      0.040147      0.009672      22.447882     
