Epoch Acc           Val_Acc       Combined_Loss Val_Loss      Hard_Loss     Soft_Loss     
1     0.646133      0.206667      26.672335     3.304909      1.408395      32.988319     
2     0.866467      0.377000      21.232941     2.273344      0.787549      26.344288     
3     0.917867      0.730333      15.520020     0.869150      0.441831      19.289566     
4     0.940600      0.839667      12.294758     0.373039      0.118262      15.338881     
5     0.955200      0.896667      9.700299      0.237605      0.060778      12.110180     
6     0.963600      0.881667      7.919513      0.201468      0.066713      9.882712      
7     0.971533      0.884333      6.371253      0.200643      0.001915      7.963587      
8     0.977800      0.915000      4.664407      0.217360      0.010179      5.827963      
9     0.981800      0.911667      4.504805      0.200397      0.000453      5.630893      
10    0.984400      0.917667      3.259925      0.230793      0.000249      4.074843      
11    0.987200      0.924000      2.779236      0.248081      0.000052      3.474032      
12    0.989467      0.928000      2.610197      0.217872      0.000026      3.262740      
13    0.993400      0.939333      2.249565      0.156256      0.000011      2.811954      
14    0.993867      0.935000      1.767778      0.097385      0.000001      2.209722      
15    0.994400      0.938000      1.918262      0.168472      0.000008      2.397825      
16    0.994800      0.934667      1.876663      0.070475      0.000006      2.345827      
17    0.995467      0.945333      1.796210      0.097796      0.000008      2.245261      
18    0.995800      0.920667      1.552703      0.226132      0.000002      1.940878      
19    0.995867      0.935667      1.769759      0.069519      0.000001      2.212198      
20    0.996400      0.939667      1.314917      0.068659      0.000000      1.643646      
