Epoch Acc           Val_Acc       Combined_Loss Val_Loss      Hard_Loss     Soft_Loss     
1     0.672733      0.209000      9.316640      3.629145      1.296287      12.753934     
2     0.880133      0.530333      6.187550      2.742415      0.677804      8.548870      
3     0.929733      0.821667      3.610447      0.708423      0.181230      5.080112      
4     0.955000      0.906000      2.487344      0.334076      0.025930      3.542235      
5     0.966933      0.909333      2.152371      0.228128      0.029482      3.062180      
6     0.975800      0.934333      1.400368      0.187239      0.012486      1.995175      
7     0.982733      0.938000      1.039503      0.129185      0.000871      1.484630      
8     0.985667      0.955000      0.976800      0.176996      0.000626      1.395161      
9     0.988533      0.962333      0.642933      0.092259      0.000165      0.918405      
10    0.990933      0.965333      0.585245      0.055552      0.000233      0.835964      
11    0.993067      0.977333      0.605044      0.057826      0.000224      0.864253      
12    0.994533      0.976000      0.340223      0.115261      0.000029      0.486021      
13    0.995000      0.973000      0.364381      0.093020      0.000074      0.520512      
14    0.996667      0.987667      0.290056      0.052523      0.000061      0.414340      
15    0.997333      0.987000      0.323352      0.049763      0.000045      0.461913      
16    0.997867      0.979333      0.253391      0.088220      0.000024      0.361978      
17    0.998133      0.976333      0.239461      0.106361      0.000008      0.342083      
18    0.998467      0.973000      0.253961      0.113753      0.000011      0.362796      
19    0.999200      0.979667      0.192133      0.087066      0.000005      0.274473      
20    0.999067      0.982000      0.204814      0.109464      0.000017      0.292584      
