Epoch Acc           Val_Acc       Combined_Loss Val_Loss      Hard_Loss     Soft_Loss     
1     0.643333      0.305000      31.267506     3.019015      1.306927      61.228085     
2     0.845067      0.660333      25.050804     3.001619      0.805263      49.296345     
3     0.897467      0.836333      21.578636     1.387882      0.463470      42.693802     
4     0.927600      0.894333      17.596178     0.716307      0.351089      34.841267     
5     0.943867      0.926333      14.797029     0.382749      0.192954      29.401102     
6     0.955533      0.929000      11.842321     0.179871      0.055529      23.629114     
7     0.963400      0.938000      10.335846     0.120474      0.012534      20.659159     
8     0.970267      0.947667      8.171103      0.071850      0.004662      16.337545     
9     0.974867      0.938333      7.500844      0.105913      0.003368      14.998319     
10    0.978667      0.955000      5.918838      0.074107      0.000363      11.837314     
11    0.981600      0.952333      4.949289      0.062073      0.000091      9.898487      
12    0.984000      0.955333      4.642897      0.099572      0.000869      9.284925      
13    0.986467      0.968333      4.898626      0.127083      0.000029      9.797223      
14    0.988467      0.952667      3.460626      0.116268      0.000027      6.921225      
15    0.990733      0.971000      3.395831      0.037281      0.000041      6.791621      
16    0.991733      0.968000      3.060040      0.083899      0.000003      6.120076      
17    0.993000      0.961667      2.880609      0.095617      0.000004      5.761213      
18    0.992933      0.967333      2.567442      0.106470      0.000006      5.134878      
19    0.994333      0.977333      2.223926      0.060872      0.000035      4.447816      
20    0.994733      0.979000      2.533361      0.078245      0.000012      5.066710      
