Epoch Acc           Val_Acc       Combined_Loss Val_Loss      Hard_Loss     Soft_Loss     
1     0.667067      0.334667      23.354387     3.836741      1.326070      32.795094     
2     0.872133      0.619000      17.882221     4.331004      0.740823      25.228537     
3     0.925467      0.823667      13.900814     2.077576      0.310706      19.725145     
4     0.946933      0.901000      10.769074     0.901764      0.154396      15.318222     
5     0.960467      0.922333      8.453873      0.486500      0.075758      12.044493     
6     0.969933      0.922667      6.268301      0.126964      0.021631      8.945445      
7     0.975067      0.929333      5.186690      0.121021      0.002275      7.408582      
8     0.980133      0.947000      4.141405      0.044215      0.001274      5.915748      
9     0.984667      0.945667      3.504043      0.035631      0.000250      5.005669      
10    0.986733      0.959000      2.407502      0.017279      0.000058      3.439264      
11    0.989133      0.955000      1.962781      0.016301      0.000015      2.803967      
12    0.990800      0.961000      2.071808      0.010812      0.000027      2.959714      
13    0.992133      0.958000      1.705872      0.001439      0.000019      2.436952      
14    0.993067      0.965000      1.497606      0.010096      0.000010      2.139433      
15    0.993133      0.974333      1.127489      0.001219      0.000004      1.610697      
16    0.995200      0.978000      1.303558      0.002149      0.000005      1.862223      
17    0.996067      0.974333      1.012124      0.000225      0.000002      1.445891      
18    0.996600      0.978333      1.227549      0.000416      0.000001      1.753640      
19    0.996533      0.982333      0.889522      0.000031      0.000000      1.270745      
20    0.997733      0.981667      0.791389      0.000665      0.000000      1.130556      
